--
-- PostgreSQL database dump
--

-- Dumped from database version 11.0
-- Dumped by pg_dump version 11.1

SET statement_timeout = 0;
SET lock_timeout = 0;
SET idle_in_transaction_session_timeout = 0;
SET client_encoding = 'UTF8';
SET standard_conforming_strings = on;
SELECT pg_catalog.set_config('search_path', '', false);
SET check_function_bodies = false;
SET client_min_messages = warning;
SET row_security = off;

SET default_tablespace = '';

SET default_with_oids = false;

--
-- Name: appeared; Type: TABLE; Schema: public; Owner: postgres
--

CREATE TABLE public.appeared (
    actor_id integer NOT NULL,
    movie_id integer NOT NULL
);


ALTER TABLE public.appeared OWNER TO postgres;

--
-- Name: directed; Type: TABLE; Schema: public; Owner: postgres
--

CREATE TABLE public.directed (
    dir_id integer NOT NULL,
    movie_id integer NOT NULL
);


ALTER TABLE public.directed OWNER TO postgres;

--
-- Name: genre; Type: TABLE; Schema: public; Owner: postgres
--

CREATE TABLE public.genre (
    movie_id integer NOT NULL,
    genre character varying(40) NOT NULL
);


ALTER TABLE public.genre OWNER TO postgres;

--
-- Name: movie; Type: TABLE; Schema: public; Owner: postgres
--

CREATE TABLE public.movie (
    id integer NOT NULL,
    name character varying(100),
    release_year integer
);


ALTER TABLE public.movie OWNER TO postgres;

--
-- Name: people; Type: TABLE; Schema: public; Owner: postgres
--

CREATE TABLE public.people (
    id integer NOT NULL,
    name character varying(40),
    death_year integer,
    birth_year integer
);


ALTER TABLE public.people OWNER TO postgres;

--
-- Data for Name: appeared; Type: TABLE DATA; Schema: public; Owner: postgres
--

COPY public.appeared (actor_id, movie_id) FROM stdin;
1490	572
2860	572
638	572
1990	572
512	177
2800	177
578	177
2858	177
698	118
1398	118
2607	118
1628	118
1373	405
1008	405
2547	405
2917	405
1713	28
1993	28
2804	28
2679	28
1664	500
779	500
1694	500
724	500
2811	686
515	686
2602	686
1826	686
613	562
599	562
738	562
2653	562
1887	683
1079	683
361	683
2406	214
1342	214
1705	214
66	214
23	32
1590	32
1354	549
1177	549
2043	549
4	549
67	470
1446	470
1062	470
2850	470
1266	601
18	601
60	358
1169	358
1178	358
1016	358
1831	34
2220	34
973	34
1307	34
146	651
1933	651
2285	651
2813	651
2792	355
2038	355
226	355
1354	355
2616	355
1709	106
334	106
1883	106
1473	106
2536	106
1439	509
262	509
282	509
1667	509
31	290
2363	290
1682	290
1484	290
1319	638
1726	638
2138	638
1922	638
1553	465
2117	465
1185	465
292	465
37	443
1756	443
2184	443
2725	443
1387	160
1377	160
800	160
1514	160
2173	556
2198	556
364	556
2938	556
1135	472
2450	472
1043	472
1309	472
2715	483
52	483
2350	483
778	483
1560	566
1999	566
1789	566
697	566
2600	656
524	656
1497	656
54	656
2433	492
2468	492
2782	492
2575	492
442	633
2664	633
10	633
2558	633
1650	521
2862	521
2126	521
1217	521
1945	479
2196	479
1221	479
2515	479
2833	353
751	353
2154	353
2370	353
1463	608
441	608
1006	608
2915	608
2718	466
1652	466
1942	466
686	466
2156	395
844	395
1894	395
787	395
457	439
2246	439
2518	439
484	439
1658	393
543	393
1567	393
1465	393
2427	644
1175	242
1822	242
1489	242
2534	242
349	195
2076	195
808	195
1150	195
5	104
615	104
1119	104
2231	104
1424	390
858	390
1925	390
1179	390
482	568
1405	568
125	568
1201	568
1779	15
2020	636
2139	636
32	636
394	636
2855	161
2807	161
1259	161
2414	161
1284	431
782	431
1759	431
2801	431
2296	267
783	267
1793	267
594	267
2242	136
455	136
1777	136
1025	136
47	375
749	375
2432	375
2078	375
1997	211
2439	211
427	211
485	211
2927	338
2103	338
201	338
1320	338
2024	6
729	6
1697	6
586	6
1170	36
894	36
2113	36
2699	36
1678	525
1810	525
2203	525
1528	525
1770	513
212	513
1198	513
281	513
418	704
277	704
619	704
654	704
2853	318
2537	318
365	318
194	318
748	381
1532	381
1839	381
1309	381
341	494
1629	494
1100	494
2411	494
1229	532
2482	532
1375	532
768	532
2778	57
2453	57
895	57
1979	57
2215	369
1498	369
618	369
1970	369
2883	522
1963	522
2025	522
2629	522
2851	240
1085	240
1623	240
100	240
2298	71
897	71
383	71
1156	71
2505	433
2872	433
2303	433
1418	433
2482	433
1184	433
622	433
705	263
827	263
2352	263
2271	263
1807	693
1346	693
1401	693
2606	693
1658	18
2484	18
2710	18
2341	18
774	313
2351	313
2550	313
1249	313
467	343
2337	343
2839	343
976	343
955	343
1609	343
1535	343
1877	343
2568	343
1891	637
1383	637
1617	637
244	637
2339	254
236	254
237	254
1474	254
1385	486
1731	486
147	486
2514	486
1477	336
1393	336
12	336
380	336
1213	328
902	328
2716	328
2676	328
572	560
1987	560
2587	560
1276	560
305	50
2685	50
64	50
602	50
858	186
527	186
1768	186
603	186
1224	135
1435	135
1830	135
1234	135
2215	593
1095	593
618	593
2865	593
2458	517
1572	517
2809	517
1026	517
1134	82
1499	82
1968	82
2615	82
152	60
957	60
1186	17
2879	17
1964	17
184	17
2648	409
914	409
1773	409
1526	409
1087	618
2113	618
2910	618
919	618
2814	408
1767	408
1819	408
1303	408
591	665
2139	665
296	665
712	665
1241	387
371	387
826	387
1340	387
575	587
2808	587
8	587
1029	587
1012	614
2692	614
1857	614
2164	614
1301	635
436	635
2211	635
2497	635
1019	95
19	95
2790	95
1031	95
968	265
366	265
1612	265
1456	265
749	582
903	582
2165	582
2349	582
1689	658
2191	658
2271	658
196	658
1512	406
2268	406
379	406
2781	406
559	423
46	423
499	423
232	423
1508	91
2627	91
2707	91
1367	91
112	661
2777	661
2919	661
530	661
1530	201
37	201
1258	201
1647	201
259	488
2446	488
2715	488
1140	488
886	477
126	477
1412	477
2819	477
446	575
2086	575
1532	575
1330	575
834	664
1288	664
145	664
2810	664
477	664
2730	664
2779	450
645	450
1291	450
2921	450
916	570
1457	570
996	570
1970	570
1861	505
1966	505
2398	505
2517	505
1197	700
1549	700
17	700
1567	700
1189	317
2650	317
2814	357
1730	357
2184	357
195	357
2614	75
1314	75
817	75
469	75
399	621
27	621
2408	621
1526	621
1638	690
1637	690
2327	690
2011	690
176	698
2600	698
1676	698
1379	698
207	426
1065	426
1634	426
275	426
2577	207
181	207
2614	207
1610	207
1765	327
2480	327
2397	327
2175	327
1157	612
2780	612
2510	612
1451	612
2353	282
1698	282
1788	282
483	282
1536	230
1797	230
2169	230
889	230
2033	51
1739	51
505	51
2900	51
2851	438
542	438
2869	438
2590	438
1607	274
2816	274
1515	274
2476	274
1468	53
440	53
2721	53
1716	53
2217	398
1835	398
2507	398
1615	398
1910	469
1488	469
1207	469
1606	469
1250	694
3	694
809	694
1991	694
2346	16
895	16
2715	16
2181	16
1668	154
2135	154
2412	154
1628	154
49	280
1747	280
192	280
517	280
727	70
187	70
2383	70
2064	70
860	70
954	70
1863	413
1620	413
78	413
983	413
1654	594
1063	594
1352	594
514	594
1854	219
659	219
2733	219
1843	219
2382	451
310	451
2574	451
291	451
2448	496
73	496
1693	496
1053	239
15	239
194	239
948	239
1677	316
2618	316
1563	316
2305	316
1419	611
1463	611
1106	611
1479	611
608	701
2241	701
2672	701
1905	701
2845	48
1865	48
2881	48
222	48
714	291
950	291
2006	202
591	202
2326	202
2908	202
189	354
2545	354
2017	354
2542	354
1306	341
369	341
108	341
853	341
2160	555
384	555
2907	555
258	555
2189	127
2526	127
556	127
2740	127
2408	337
1633	337
1165	337
2232	337
419	146
2116	146
1685	146
2666	146
2456	627
2399	627
1504	627
1643	627
280	485
1996	485
628	485
331	485
1197	142
37	142
1798	142
1513	142
238	550
572	550
519	550
449	550
2890	641
1315	641
368	641
1210	641
2068	257
29	257
2905	257
1850	257
827	266
786	266
1919	266
1383	266
2675	309
1495	309
2224	309
2734	309
2048	667
498	667
1470	667
1572	667
1155	296
1828	296
1534	296
548	296
2933	712
2078	712
2153	712
70	712
685	25
448	25
2378	25
1995	25
2548	238
1582	238
2351	238
2814	238
1431	376
1703	376
2644	376
83	376
2933	213
962	213
267	213
564	213
2521	606
1613	606
813	606
987	606
872	236
2534	236
2530	236
1182	236
1371	462
2818	462
398	462
2395	462
2404	697
1985	697
1000	697
1662	697
49	620
1591	620
793	620
1131	620
87	232
1713	232
799	232
323	232
2085	232
658	232
120	232
767	307
253	307
2364	307
2841	307
1420	581
536	581
625	581
63	581
560	642
289	642
1040	642
452	642
2132	526
730	526
2681	526
917	526
142	384
1048	384
433	384
2720	384
1308	203
215	203
1454	203
150	203
346	311
2757	311
980	311
388	311
82	541
2147	541
1658	541
1475	541
1206	520
2784	520
1681	520
2795	520
2407	379
1350	379
1152	379
245	379
1809	187
946	187
2726	187
2228	187
1620	629
996	629
194	629
2755	629
1053	498
2635	498
1471	498
444	498
660	602
2918	602
734	602
1818	602
1582	308
2681	308
20	308
2906	308
611	400
2158	400
2097	400
1768	400
2688	535
271	535
849	535
375	535
2120	590
2188	590
2764	590
242	590
426	225
771	225
2332	225
317	225
669	134
1299	134
1462	134
2723	134
2098	711
2884	711
689	711
390	711
1431	326
1273	326
1724	326
2589	326
1906	208
2806	208
661	208
2097	208
2599	109
336	109
1520	109
1933	109
2006	94
2240	94
2534	94
682	94
995	245
818	245
2892	245
2611	245
1419	352
400	352
1614	352
1023	352
660	660
1406	660
27	660
1098	660
1194	178
490	178
663	178
1546	13
2281	13
674	13
835	13
2247	403
2885	403
1410	403
429	403
1171	164
1728	164
604	164
1122	164
648	217
694	217
1057	217
1953	217
1544	59
1146	59
1296	59
2705	59
528	185
2814	185
1313	185
708	185
1402	350
1344	350
332	350
1070	350
761	631
1606	631
1311	631
728	631
554	630
2475	630
2929	630
1280	630
1147	592
762	592
1442	592
601	592
385	445
2575	445
686	445
2549	445
2861	156
2748	156
1001	156
2280	156
1003	143
1848	143
1621	143
2895	143
295	371
1574	371
1774	371
335	371
1271	194
2184	194
719	194
990	194
1343	506
743	506
912	506
720	506
228	685
2055	685
351	685
1014	685
244	61
1614	61
409	61
2388	61
1751	65
2254	65
985	65
111	65
2682	8
2357	8
841	8
2078	8
1649	459
2157	459
57	459
2083	459
2163	508
2798	508
355	508
130	508
200	117
2216	117
1405	117
595	117
2634	288
1427	288
1522	288
1084	288
887	293
1626	293
354	293
2330	293
1636	292
2184	292
339	292
1701	292
664	571
500	571
1176	571
906	571
2326	373
947	373
1300	373
251	373
713	281
1698	281
1187	281
2425	281
705	285
2686	285
338	285
2202	285
905	319
1114	319
320	319
2765	319
2368	673
2903	673
1714	673
2177	673
2130	640
1750	640
1704	640
870	640
1118	295
1607	295
1017	295
2887	295
962	674
902	674
2719	674
1121	674
2131	141
1687	141
1424	141
2638	141
1335	162
1754	162
2462	162
1517	162
368	519
761	300
2668	300
973	300
193	300
2433	380
2421	380
2857	380
2845	380
235	537
116	537
2904	537
186	537
2152	402
2200	402
2171	402
49	402
932	157
1658	157
2232	157
1260	157
174	709
2835	709
2372	709
2567	709
2194	183
2216	183
2128	183
2353	183
2886	639
257	639
1073	639
1913	639
1186	422
2381	422
1865	422
2674	422
1678	99
2935	99
1247	99
370	99
2711	394
1885	172
2271	172
163	172
739	172
2258	155
513	155
406	155
1859	155
2342	580
1020	580
2950	580
314	580
2263	717
2912	495
1875	495
1960	495
2758	93
460	93
769	93
2459	93
138	662
2698	662
1686	662
2529	662
432	591
1758	591
2856	591
2752	591
1132	241
1053	241
995	241
2727	241
811	283
278	283
480	283
2009	283
585	600
528	600
1088	600
1283	600
636	434
2492	434
2312	434
1347	434
733	268
1060	268
167	268
1805	268
1269	482
185	482
2610	482
1142	482
1930	688
645	688
1202	688
1769	688
2301	645
1254	645
1955	645
1604	645
345	148
1895	148
1654	148
1896	148
722	468
2454	468
884	468
2050	468
1361	166
1767	166
1639	166
2279	166
1382	419
306	419
1394	167
1760	167
2149	167
2787	167
1355	247
2078	247
1329	247
1596	247
1673	467
819	467
978	467
91	467
905	385
2240	385
368	385
1212	385
2890	153
367	153
93	153
1172	153
2014	650
1203	650
95	650
2077	650
2159	359
303	359
2240	359
27	359
1682	563
688	563
2127	563
2162	563
161	35
718	35
2309	35
704	35
407	708
2323	708
2859	708
170	708
863	708
1051	708
2089	708
2931	699
614	699
327	699
250	699
1162	577
433	577
784	577
2140	577
218	314
845	314
1679	314
1045	314
1967	97
837	97
219	97
173	97
1007	294
583	294
1491	294
2706	294
1449	77
1214	77
1445	77
2428	77
1226	150
2361	150
445	150
2422	150
2376	331
483	88
2674	88
2420	88
988	88
600	412
1243	412
1869	412
1548	412
817	287
1910	287
1718	287
741	287
1401	351
2853	351
985	351
561	351
183	490
286	490
1761	490
2316	490
2234	140
6	140
2530	140
998	140
1798	179
2893	179
2108	179
2457	179
2081	323
377	323
137	323
2937	323
936	114
2664	114
1896	114
1334	114
811	396
802	396
676	396
271	396
2932	205
2186	205
2754	205
2129	205
690	297
2753	297
766	297
2501	297
2700	453
1493	453
1421	453
1727	453
632	654
1035	654
2438	654
1190	654
2174	298
667	298
2573	298
1248	298
907	414
956	414
2793	414
1425	414
1938	248
996	248
78	248
1505	248
1232	442
249	442
99	442
2146	442
2724	139
475	536
2078	536
2320	536
2899	536
1105	68
1827	68
71	68
2243	68
2039	11
1204	11
1592	11
2587	11
293	411
96	411
2701	411
1980	411
1487	714
2896	714
1531	714
831	714
28	514
1815	514
1130	514
1027	514
2419	133
2897	133
1277	133
1762	529
2063	529
797	529
2934	529
1436	529
1743	191
1780	191
1718	191
221	191
2834	120
2814	120
1924	120
1190	120
2405	20
1376	20
2923	20
1837	20
2380	473
134	473
721	473
1173	473
1100	503
867	503
1587	503
2035	503
2924	19
496	19
504	19
1659	19
1058	19
2436	19
880	534
2848	534
1653	534
1589	534
934	440
2403	440
1808	440
2592	440
488	110
461	110
2693	110
420	110
2473	223
634	223
1246	223
551	223
190	324
2846	324
68	324
1039	324
2088	670
1289	670
297	670
2775	670
85	348
1350	348
2637	348
2509	348
1233	49
701	49
1733	49
969	49
1290	321
2665	321
848	321
1125	321
1356	657
1856	657
2005	657
891	657
2118	322
2290	322
195	322
2840	322
594	378
2899	378
1005	378
1348	378
1042	553
1064	553
165	553
35	553
1708	87
2044	87
2046	87
1002	87
493	144
1711	696
1761	696
472	696
1322	696
464	481
301	481
1842	481
1129	481
295	121
951	121
2531	121
329	121
2565	703
1736	703
993	703
1500	703
1631	306
2511	306
2749	306
1381	306
2477	684
1683	684
454	684
2801	684
776	715
2277	715
239	715
2870	715
2543	45
1461	45
2824	45
1209	45
2695	258
2142	258
22	258
1939	258
1405	209
2758	209
670	209
393	209
1332	548
2010	548
1440	548
119	548
2390	544
2494	544
156	544
1032	544
2704	718
843	718
1086	718
1954	718
1700	676
1112	676
2021	676
1324	676
1028	463
883	463
2600	463
691	463
451	145
1572	145
1482	145
852	145
511	101
823	101
358	101
2389	101
1389	175
2485	175
299	175
2172	175
2524	72
1127	72
2170	72
356	72
1947	675
725	675
2522	675
1983	675
564	542
682	542
1035	542
1766	542
1771	184
2047	184
2941	184
539	184
2504	273
497	273
2677	273
1541	273
2159	437
959	437
1017	437
2751	437
203	304
484	304
1326	304
2603	304
328	69
1729	69
1580	69
2879	69
1833	278
434	278
465	278
1712	278
2758	546
2579	546
678	546
2019	546
469	458
162	458
1543	458
1962	458
2625	478
879	478
133	478
2467	478
41	681
1497	681
227	681
1595	681
873	105
1328	105
2071	105
168	105
62	224
1520	224
1599	224
1069	224
2465	111
1464	111
2034	111
803	111
2277	229
136	229
1744	229
2591	229
806	229
584	229
921	229
2738	391
1286	391
872	391
360	391
901	329
1772	329
2796	329
2168	329
939	21
711	21
2569	21
2124	21
2405	404
986	404
1357	404
1538	404
1361	497
72	497
547	497
11	497
534	552
1810	552
1419	552
1689	552
590	565
2643	565
2889	565
1619	565
94	624
1884	624
1588	624
639	624
945	554
1882	554
1357	554
1773	554
1601	67
2700	67
1871	67
255	67
1730	173
1708	173
570	173
2534	173
2059	617
2213	617
2827	617
2209	617
1732	444
1183	444
1503	444
1576	444
2078	713
1117	713
1926	713
2940	713
1168	226
2746	226
2057	226
1021	226
1680	609
276	609
179	609
710	609
1271	320
916	320
979	320
393	320
2692	132
450	132
2284	132
1881	132
2095	456
1581	456
2680	456
2225	456
478	137
206	137
48	137
2037	137
546	634
36	634
1020	634
2022	634
2052	428
1853	428
937	428
81	428
1934	43
807	43
49	43
2171	43
2516	652
2847	652
1558	652
1533	652
1369	335
866	335
1023	335
682	335
374	540
1860	540
975	540
1527	540
746	168
231	168
1128	168
1568	168
516	231
1293	231
1310	231
2255	231
2184	628
77	628
735	628
2304	628
1602	246
198	246
1876	246
1424	246
1136	460
1632	460
821	460
992	460
411	561
65	561
2820	561
1052	561
1795	615
2409	615
471	615
2747	615
263	250
2180	250
2237	250
1675	250
546	86
290	86
1231	86
2608	86
958	108
546	108
1408	108
1372	108
1033	623
537	623
2029	623
1407	623
210	332
2556	332
149	332
1081	332
349	610
177	610
1341	610
49	610
709	152
2161	152
1158	152
1036	152
325	5
2669	5
55	5
2821	5
139	131
2429	131
2275	131
1153	131
2293	649
144	649
2336	649
855	649
1047	9
1898	9
773	9
2176	9
890	98
2471	98
1236	98
531	98
2554	648
2769	648
466	648
2696	648
2736	361
260	361
2949	361
814	361
85	435
765	435
312	435
84	435
326	284
1119	284
577	284
80	284
2598	115
1239	115
1297	115
342	115
2909	647
1800	647
1262	647
893	647
2566	26
758	26
763	26
713	26
2223	119
2127	119
755	119
382	119
25	680
2260	680
2376	680
77	680
1159	524
1333	524
1252	524
2670	524
476	489
2675	489
1616	489
2443	489
1211	489
2540	489
510	489
373	489
300	200
2354	200
307	200
613	200
2006	125
1076	125
1164	125
16	125
2128	480
473	480
1521	480
422	480
1620	605
668	605
737	605
2703	605
82	531
267	531
1975	531
645	531
1911	523
2942	523
33	523
2101	523
1106	149
946	149
27	149
1276	149
922	576
856	576
943	576
449	576
695	206
2550	206
1411	206
2763	206
236	198
1791	198
248	198
2343	198
2540	397
1211	397
410	397
1935	397
1918	374
272	374
2079	374
1961	374
1608	527
2844	527
2528	527
1071	527
2193	344
1417	344
970	344
1022	344
2585	344
1829	344
1109	235
558	235
352	235
2831	235
1927	484
214	484
2137	484
2417	484
256	301
2302	301
1899	301
942	301
304	388
2315	388
1059	388
2291	388
1137	595
146	595
1778	595
1260	595
2933	551
1361	551
2908	551
1283	551
1163	603
1502	603
2575	603
883	603
2401	653
128	653
118	653
2027	653
2075	233
2075	102
1245	81
596	81
2384	81
2945	81
1258	275
482	275
103	275
1812	275
2067	707
2797	707
2697	707
2141	707
2660	515
1764	515
2283	515
1077	515
2849	10
1227	10
1566	10
874	10
2863	188
17	188
1737	188
2326	188
1463	586
105	586
1457	586
1431	586
338	689
2873	689
2474	689
2155	689
850	330
372	330
288	330
1270	330
1346	116
1920	116
2538	116
758	116
2075	339
2075	107
2631	58
574	58
2678	58
703	58
2226	58
2878	58
1722	58
90	679
785	679
2789	679
1889	679
632	528
1530	528
1355	528
2215	528
2073	578
53	578
2233	578
529	578
2216	66
2107	66
1924	66
1778	66
2356	222
1849	222
402	222
913	222
582	3
1127	3
64	3
1886	3
2583	79
1879	79
1434	79
202	79
742	30
1315	30
2036	30
2183	30
644	334
2470	334
252	334
1902	334
2075	234
1055	128
1896	128
754	128
1941	128
2822	511
2659	511
2377	511
924	511
521	626
2898	626
877	626
1982	626
2366	415
1916	415
580	415
430	415
1429	289
1455	289
616	289
1550	289
2333	383
2745	383
2435	383
2832	383
1734	559
2767	559
2054	559
264	559
1225	421
710	421
748	421
1551	421
1928	716
1107	716
59	716
414	716
1312	502
2687	502
1358	502
2684	502
1415	255
110	255
1696	255
2045	255
2728	474
220	474
923	474
2709	474
305	31
603	31
1457	31
27	31
229	424
2496	424
2070	424
623	424
2604	510
1509	510
533	510
1912	510
2667	39
2295	39
790	39
1855	39
1635	39
2282	39
1443	39
587	39
199	210
2405	210
1017	210
1264	210
1699	607
1146	607
862	607
1851	607
1378	646
2461	646
1675	646
1810	646
489	129
124	129
759	129
673	129
1126	360
856	360
1858	360
45	360
1492	692
1988	692
2827	692
905	692
2770	597
2056	597
2902	597
2597	597
2351	244
1030	244
1010	244
794	244
49	170
1074	170
1049	170
573	170
2097	672
1068	672
1265	672
960	672
1579	345
633	345
117	345
1670	345
1943	666
2911	666
2314	666
2030	666
781	44
428	44
1390	44
188	44
2402	12
2102	12
1345	12
2880	12
1845	305
433	305
2416	305
1244	305
49	585
1046	585
2508	585
2722	585
2324	165
747	165
263	165
1792	165
1738	706
1988	706
2890	706
2500	706
624	471
2776	471
1083	471
2376	471
885	430
2838	430
2345	430
1467	430
2673	190
1611	62
75	62
2928	62
1878	62
2716	457
2001	457
1666	457
274	457
718	663
693	663
1823	663
1318	24
1096	24
1496	24
2441	24
2708	464
2026	464
836	464
1597	464
1282	76
679	76
1569	76
1931	76
1118	407
1810	407
1741	407
2531	407
268	476
1586	476
562	476
1785	476
1505	237
5	237
21	237
2240	237
14	192
395	192
1360	192
581	192
2318	253
792	253
1852	253
2894	253
877	557
2791	557
2278	557
2109	557
431	130
2913	130
2868	130
1061	130
1518	370
805	370
795	370
798	370
631	579
1216	579
2106	579
1763	579
650	677
1453	677
1215	677
2396	677
2782	420
1925	420
686	420
2195	420
2750	448
2434	448
2167	448
594	448
519	569
196	569
244	569
635	569
1267	52
2742	52
2093	52
2245	52
550	695
49	695
2065	695
1386	695
2681	264
1790	264
1237	264
2119	264
1257	432
1452	432
2002	432
1038	432
241	643
1510	643
2418	643
294	643
470	584
92	584
938	584
1469	584
2803	174
2914	678
1507	678
363	678
2151	678
1295	604
2490	604
671	604
2236	604
49	346
1591	346
381	346
822	346
597	622
760	622
1837	622
1529	622
665	312
606	312
468	312
2596	312
2392	269
605	269
1559	269
2008	269
632	41
985	41
2600	41
287	41
2759	199
1684	199
2340	199
2264	199
1946	340
1364	340
2943	340
2561	340
272	260
1485	260
2321	260
2299	260
2692	425
2689	425
861	425
1148	425
166	138
2481	138
2947	138
2582	138
1539	147
40	147
2294	147
97	147
2451	366
566	366
1154	366
443	366
740	169
786	169
2254	169
2408	169
1180	668
918	668
2948	668
2287	668
989	410
2330	410
1976	410
657	410
1669	599
1441	599
1540	599
2178	599
2549	539
176	539
157	539
2621	539
230	228
1671	228
106	228
2936	228
391	401
2761	401
2261	401
2235	401
1219	46
2122	46
2709	46
696	46
1041	46
2347	416
1940	416
1516	416
2774	416
1103	163
747	163
1760	163
1778	163
1414	27
1552	27
796	27
283	27
1633	632
522	632
1900	632
2288	632
1836	613
1932	613
1537	613
1874	613
2379	276
2823	276
1181	276
127	276
58	362
568	362
79	362
1296	362
2338	418
234	418
1078	418
1256	418
199	372
1225	372
2881	372
2393	372
1571	249
2527	249
1781	249
2812	249
2000	215
804	215
1915	215
2788	215
1240	491
2096	491
2447	491
1255	491
180	392
875	392
2204	392
635	392
1403	315
1556	315
1066	315
2437	315
1197	349
473	349
2338	349
395	349
784	447
261	447
2601	447
1832	447
1162	38
1391	38
495	38
2201	38
1603	342
1336	342
1897	342
1183	342
2738	176
72	176
1657	176
1145	176
2946	4
353	4
683	4
892	4
2741	171
494	171
1094	171
1223	171
2555	74
2084	74
801	74
2208	74
458	386
2732	386
1188	386
1651	386
2892	80
876	80
350	80
2512	80
386	14
1971	14
459	14
447	14
1230	367
1458	367
2630	367
502	367
2484	368
1281	368
1457	368
1688	368
1208	619
898	619
1799	619
1663	619
2700	221
1625	221
1339	221
2206	221
2786	363
1783	363
2325	363
1820	363
2051	181
591	181
2082	181
1357	181
940	113
1755	113
1950	113
545	113
1618	113
2023	113
1872	113
923	558
2028	558
2655	558
1645	558
456	123
104	123
254	123
1665	123
2276	112
1359	112
197	112
1392	122
2613	122
2062	122
2248	122
1573	564
2520	545
2632	545
2205	545
270	545
1892	365
2080	364
1272	364
1787	364
965	364
576	364
2308	364
205	583
2346	583
2851	583
61	583
1186	427
2455	427
2876	427
1374	427
153	507
706	507
2694	507
2334	507
2828	227
1444	227
523	227
1802	227
971	216
2416	216
620	216
2354	216
1431	310
2828	310
2737	310
2400	310
2331	22
915	22
2367	22
438	22
1092	261
1222	261
1124	261
2374	261
1413	256
2544	256
2042	256
717	256
102	84
1396	84
2886	84
302	84
1228	78
630	78
674	78
904	78
86	23
1395	23
838	23
1056	23
1592	702
2212	702
882	702
579	702
1821	189
825	189
847	189
1423	189
1327	193
2329	193
982	193
1940	193
1259	299
726	299
677	299
2040	299
2400	37
647	37
1564	37
1986	37
1034	63
865	63
1317	63
549	63
2513	103
842	103
1428	103
2868	103
1116	29
2445	29
864	29
2753	29
1082	446
37	446
567	446
2578	446
2503	73
52	73
431	73
1904	73
2891	449
1166	449
2877	449
2185	449
991	682
998	682
878	682
2916	682
129	417
1969	417
1397	417
1151	417
131	220
169	220
2104	220
1577	220
828	83
2322	83
1259	83
1481	83
840	251
2935	251
1675	251
183	251
163	333
810	333
1271	333
376	333
1977	596
2580	596
2612	596
2852	596
271	159
2864	159
526	159
1776	159
2357	252
723	252
1391	252
2506	252
752	85
49	85
2152	85
2488	85
1400	530
2092	530
2539	530
69	530
135	272
1627	272
2210	272
2478	272
1412	512
50	512
1968	512
2691	512
2882	302
2362	302
2817	302
816	302
2145	1
928	1
941	1
1298	1
1305	356
2335	356
2714	356
929	356
1430	616
1707	616
486	616
2479	616
114	347
224	347
2144	347
2110	347
557	54
396	54
507	54
984	54
2933	625
1598	625
2548	625
2829	625
1868	501
1570	501
2410	501
2066	501
2107	218
2586	218
191	218
2932	218
1149	499
1867	499
279	499
555	499
171	277
1351	277
532	277
961	277
1511	277
629	705
791	705
160	705
2252	705
1020	671
216	671
423	671
1093	671
354	655
1866	655
2111	655
2204	655
1366	547
2874	547
387	547
2270	547
748	96
959	96
2130	96
1192	96
2825	574
115	574
243	574
1557	574
2408	204
2815	204
176	204
1257	204
182	7
1929	7
233	7
39	7
1816	461
2015	461
2871	461
2415	461
5	180
164	180
38	180
21	180
2645	197
439	197
2622	197
2735	197
1646	259
1380	259
2854	259
1261	259
2523	518
2069	518
642	518
2012	518
715	598
609	598
1235	598
2487	429
1786	429
1115	429
2150	429
1519	691
2617	691
2	691
1847	691
2563	42
2594	42
91	42
313	42
1133	454
2533	454
1344	454
649	454
1018	89
2619	89
56	89
333	89
2570	47
2605	47
1337	47
1775	47
\.


--
-- Data for Name: directed; Type: TABLE DATA; Schema: public; Owner: postgres
--

COPY public.directed (dir_id, movie_id) FROM stdin;
2123	572
308	177
2207	118
217	405
159	28
1167	28
2182	271
2218	124
2238	124
223	686
1370	562
359	683
2628	214
972	377
1641	32
1965	549
1325	470
2571	358
1015	34
2385	651
1965	355
1804	538
2584	106
51	509
1630	509
2486	290
2221	638
2449	443
2623	443
832	160
2244	556
265	472
1099	483
857	656
681	492
1294	633
2535	521
2920	479
910	353
26	466
2179	395
2049	439
1838	393
1782	644
404	64
1565	242
621	195
1426	104
2651	568
966	636
815	161
2657	161
2743	431
2269	267
1757	375
2121	375
2551	211
2756	338
2766	525
1594	513
2690	704
2136	318
2032	381
2636	494
24	532
716	325
896	57
933	369
2387	522
732	240
1749	71
7	543
2266	433
745	263
1715	493
2646	493
101	693
1578	18
1226	262
143	313
1476	343
1075	637
316	254
820	486
1480	336
1956	328
2519	560
389	50
1478	186
2289	135
2004	593
626	593
1721	517
246	82
565	126
172	126
1200	17
209	409
2214	618
344	665
2901	387
2922	587
1811	614
1908	635
552	265
1080	582
1661	658
1363	406
2125	423
2358	91
2760	661
2559	201
1278	488
2262	477
1748	575
107	664
1584	450
421	570
2472	505
1862	700
1813	317
2222	357
2799	75
1111	621
1478	621
617	690
462	698
535	426
920	207
1864	475
1706	327
1642	612
736	282
949	230
1753	51
1331	51
2532	438
2712	274
2297	53
1302	398
2647	469
357	694
896	16
830	154
1253	280
140	70
1274	413
2662	594
1794	219
1238	451
2683	496
109	239
2307	316
1523	611
2239	701
13	48
2867	291
1545	202
2785	354
273	341
1287	555
1268	337
964	337
2925	146
1037	627
2192	485
1205	142
2593	573
2230	573
1948	550
869	641
571	257
2148	266
154	309
2463	667
1338	296
2219	712
757	25
908	238
815	376
2657	376
2359	270
9	213
926	213
2939	606
775	236
1050	462
491	697
692	620
89	232
1437	581
2830	642
1907	526
593	384
2143	203
2744	311
204	541
1090	520
1605	379
789	187
1633	629
2713	498
2837	602
1834	308
541	535
132	590
925	134
1719	711
298	326
141	208
2426	109
2317	56
74	94
2440	245
155	352
2061	660
2805	178
346	13
520	403
1691	164
1275	217
1893	185
1605	631
1824	630
2557	592
1803	445
868	156
675	143
2783	143
487	371
2502	194
640	506
684	685
1903	61
999	65
2866	8
508	508
2222	117
2072	288
773	293
2483	292
2394	571
2444	373
1561	373
113	281
871	285
1506	319
1702	673
2713	640
88	295
492	674
1466	162
1196	300
788	300
2581	380
1304	537
1024	402
2060	157
930	709
2265	183
1200	639
1195	422
1191	99
2729	172
1994	172
1624	155
2273	580
2572	717
285	495
2489	495
2442	93
330	662
1873	591
2386	241
540	567
413	283
2553	600
1880	434
1323	434
412	268
2652	482
770	482
702	688
2794	645
1814	148
1914	182
652	468
34	166
408	419
1524	167
829	247
2272	467
1923	385
2253	153
1901	650
175	359
284	563
2466	35
2588	708
2112	699
1600	577
501	314
2292	97
1825	331
851	88
2134	412
1110	287
1723	351
687	436
1711	490
1974	140
347	179
953	323
481	396
2091	205
1562	205
592	297
1937	453
1097	55
1952	55
2525	298
2375	414
2053	248
42	442
122	139
2311	536
2018	68
1409	11
1104	411
76	714
1460	714
1321	514
424	529
309	191
437	120
2491	20
2654	473
98	19
1801	534
1958	440
1450	110
1844	223
1951	324
1957	670
397	348
148	49
1949	49
1936	516
348	657
44	322
211	378
553	553
2344	553
2641	87
2430	144
1353	144
2041	481
2431	481
1817	481
225	481
2499	121
474	703
362	306
1742	684
2663	209
859	548
2649	544
911	718
2133	676
666	463
824	145
2562	40
392	101
731	212
503	175
318	286
2944	72
656	72
2413	72
247	588
610	675
2460	542
208	184
1416	273
1404	437
1717	304
1846	69
627	278
744	546
1547	458
651	478
2257	681
2623	681
2267	105
927	224
340	243
2633	229
780	391
1959	391
1710	687
417	21
2229	404
931	497
926	497
1725	552
2249	565
2306	624
2199	554
1101	67
2090	173
506	617
707	444
952	226
2074	609
2768	320
1644	132
2423	456
1494	137
2762	634
2826	428
1253	43
2464	652
1690	335
2739	168
1784	231
2930	628
1998	246
1242	460
672	460
269	561
2702	615
1193	615
2639	250
1279	86
123	108
1656	623
1989	332
43	610
2639	152
1593	5
538	649
2114	98
909	648
2007	361
2286	284
2771	647
2319	26
1143	119
1740	680
2274	524
415	489
1956	200
1195	125
2671	480
30	605
920	531
479	523
1013	149
2656	576
974	206
2355	198
2013	397
1432	374
1992	303
1044	527
1978	158
2546	158
2640	344
2115	235
1888	484
2560	388
1438	595
2365	659
772	551
2099	603
544	653
888	233
888	102
453	81
2031	275
1640	707
2300	515
204	188
421	586
2926	330
311	116
888	339
888	107
240	58
2624	679
1803	528
2564	578
337	66
1984	222
1672	79
463	30
1803	334
888	234
1472	128
2469	511
2251	626
405	415
2731	289
213	383
1921	559
209	421
1542	716
607	255
1433	474
315	31
1478	31
588	424
563	510
1655	39
518	210
401	607
1841	646
2424	129
266	360
204	692
1285	244
1024	170
2003	672
833	672
158	44
2875	12
1388	305
1072	589
1253	585
1981	165
1870	706
2595	471
1004	430
1745	190
1144	457
2888	663
525	24
1422	464
2842	196
1447	196
812	76
643	407
2313	476
1525	237
1840	192
1746	253
2802	441
2541	557
1448	130
2452	370
1806	579
1220	677
2360	420
653	448
2328	533
569	569
839	52
1972	695
1316	264
1123	432
1501	643
2843	584
2661	174
2190	174
2187	92
2094	604
1	346
1554	622
753	312
2105	90
2633	199
1973	340
2493	260
1584	425
994	138
1091	366
1483	169
1292	668
378	410
1368	599
1009	539
1251	228
403	401
2058	46
589	163
1218	27
764	632
2658	613
1108	276
997	362
2100	418
425	372
2016	249
435	491
2626	392
1013	315
1674	349
1120	349
646	447
1600	38
2371	342
2773	176
2772	4
1349	171
2498	74
479	386
1555	80
178	14
598	367
2099	368
846	619
1752	221
750	363
319	181
2227	558
2717	669
1089	123
322	112
1695	33
2310	33
655	122
1890	122
1011	564
777	545
2391	365
699	365
756	364
2620	583
2552	427
343	507
1796	227
1459	216
854	310
2348	22
151	2
2609	261
641	256
1054	84
2369	78
1362	23
324	702
1486	189
1384	193
977	299
121	37
899	63
1692	103
1161	29
1660	446
1174	73
967	382
1102	449
321	682
2197	417
2495	83
1583	251
1138	333
2702	596
1720	159
2373	252
2087	151
1399	151
1160	85
963	530
2256	272
981	512
637	302
612	1
1735	356
2576	616
900	347
1585	625
2250	625
2642	501
1139	218
1917	218
700	499
1141	277
662	705
1450	671
1622	655
1944	547
509	96
1909	574
2836	204
1648	461
1525	180
881	197
1575	518
944	598
2259	598
2166	429
1365	429
1263	691
1113	42
1067	399
1199	454
416	504
935	47
680	47
\.


--
-- Data for Name: genre; Type: TABLE DATA; Schema: public; Owner: postgres
--

COPY public.genre (movie_id, genre) FROM stdin;
\.


--
-- Data for Name: movie; Type: TABLE DATA; Schema: public; Owner: postgres
--

COPY public.movie (id, name, release_year) FROM stdin;
572	Na Boca da Noite	2016
177	The Other Side of the Wind	2018
118	Chief Zabu	2016
405	Deadly Manor	2018
28	The Wandering Soap Opera	2017
271	Bigfoot	2017
500	Joe Finds Grace	2017
124	O Silêncio	2012
389	Nema aviona za Zagreb	2012
686	Pál Adrienn	2010
562	So Much for Justice!	2010
683	Cooper and Hemingway: The True Gen	2013
214	Children of the Green Dragon	2010
377	T.G.M. - osvoboditel	2018
32	The Tragedy of Man	2011
549	Bande de cons!	2018
470	Os Monstros de Babaloo	2016
601	The Final Journey	2010
358	Los pájaros se van con la muerte	2011
34	Foodfight!	2012
651	Return to Babylon	2013
355	In Memoriam Alfons Vranckx	2018
538	Seven Jews from My Class	2018
106	To Chase a Million	2018
509	Short Time Heroes	2015
290	Life's a Beach	2012
638	Dark Blood	2012
710	Snowblind	2015
465	Lives No Longer Ours	2011
443	Quantum Quest: A Cassini Space Odyssey	2010
160	Wazir	2016
556	The Wicker Tree	2011
472	In My Sleep	2010
483	Rice Girl	2014
566	This Wretched Life	2010
656	Bunyan and Babe	2017
492	On the Road	2012
633	Blind Sided	2010
521	Chatô - The King of Brazil	2015
479	The Evil Within	2017
353	Transeúntes	2015
608	The Secret Life of Walter Mitty	2013
466	Fahrenheit 451	2018
395	Aman Ke Farishtey	2016
439	Nappily Ever After	2018
393	A Walk Among the Tombstones	2014
644	Boy with a Movie Camera	2017
64	The Promise of Perfume	2017
242	Jurassic World	2015
195	Spy	2011
104	The Rum Diary	2011
390	American Pastoral	2016
568	Gnomeo & Juliet	2011
15	The Payback Man	2010
636	Cloud Cuckoo Land	2012
161	The Three Stooges	2012
431	Motherless Brooklyn	2019
267	Anderson's Cross	2010
136	Den milde smerte	2010
375	Tangled	2010
211	The Connecticut Kid	2011
338	John Carter	2012
455	Capture the Flag	2010
6	Burnt by the Sun 2	2010
36	Action Jackson	2014
525	Gambit	2012
513	Bubbles	2011
704	Seven Fallen Objects	2011
318	In Secret	2013
381	Cowboys & Aliens	2011
494	Tekken	2010
532	Asleep in the Sun	2010
325	Hempsters: Plant the Seed	2010
57	Disconnect	2010
369	The Stanford Prison Experiment	2015
522	Venus & Vegas	2010
240	The Ninth Cloud	2014
71	El borde del tiempo	2011
543	Beisbol	2010
433	Pots and Pans	2012
263	Dinner for Schmucks	2010
493	Masters of the Universe	2019
693	A Million Little Pieces	2018
18	The A-Team	2010
262	The Rescuer	2011
313	The Possession	2012
343	The Queen of Sheba Meets the Atom Man	2018
637	Real Steel	2011
254	Satin	2011
486	Caleuche: El llamado del Mar	2012
336	L'apocalisse delle scimmie	2012
328	The Giver	2014
560	Toy Story 3	2010
50	Project x27	2010
186	Alita: Battle Angel	2019
135	Cargo, les hommes perdus.	2010
593	Flashpoint	2020
517	Moving Target	2011
82	Segurança Nacional	2010
60	Stolen Memories	2012
126	My Nappy Roots: A Journey Through Black Hair-itage	2010
17	Danger Close	2019
409	Lincoln	2012
618	Milenge Milenge	2010
408	Before We Go	2014
665	The History of Love	2016
387	Vidas pequeñas	2010
587	7 Days	2010
614	Scott Pilgrim vs. the World	2010
635	Dream Street	2010
95	Surviving in L.A.	2019
265	A Bird of the Air	2011
582	Shazam!	2019
658	Puss in Boots	2011
406	Diary of a Bad Lad	2010
423	Mad World	2010
91	The Passing	2011
661	Clawed	2017
201	Wonder Woman	2017
488	Blunt Movie	2013
477	Party Crashers	2012
575	42	2013
664	El hada buena - Una fábula peronista	2010
450	Life of Pi	2012
570	Being Flynn	2012
505	The Crazies	2010
700	The Equalizer	2014
317	Memorias del desarrollo	2010
357	Captain America: The First Avenger	2011
75	A Long Way Down	2014
621	Sin City: A Dame to Kill For	2014
690	Generation P	2011
698	Drunkboat	2010
426	The Grasslands	2011
207	The Only Living Boy in New York	2017
475	Texxas Jam '78	2012
327	Saving Private Perez	2011
612	Steve Phoenix: The Untold Story	2012
282	High-Rise	2015
230	Satan Hates You	2010
51	Silent Alarm	2011
438	Federal	2010
274	The Devil You Know	2013
53	Guns, Drugs and Dirty Money	2010
398	House at the End of the Drive	2014
469	Piranha 3D	2010
694	Komaram Puli	2010
16	Act Your Age	2011
154	Taken by Force	2010
280	Sensual	2010
70	Golapi Ekhon Bilatey	2010
413	Margaret	2011
594	Alan Partridge	2013
219	Harlem Hostel	2010
451	Smoking/Non-Smoking	2011
496	Platinum Illusions	2011
239	Ex Machina	2014
316	Hot Country, Cold Winter	2016
611	Tower Heist	2011
701	The Smurfs	2011
48	The Mechanic	2011
291	Escape from Heaven	2018
202	Prince of Persia: The Sands of Time	2010
354	Stan	2011
341	Bamboo Shark	2011
555	Cielito lindo	2010
127	Clutch	2012
337	Hail, Caesar!	2016
146	Persona Au Gratin	2012
627	The Deafening Silence of a Very Bright Light	2010
485	Stiffs	2010
142	Unstoppable	2010
573	Sid Bernstein Presents...	2010
550	Extremely Loud & Incredibly Close	2011
641	The Tree of Life	2011
257	El horror de la dama del lago	2010
266	Ant-Man	2015
309	The Greater Meaning of Water	2010
667	Perfect Life	2010
296	Abhishapt	2011
712	Season of the Witch	2011
25	Atlas Shrugged: Part I	2011
238	The Losers	2010
376	Hall Pass	2011
270	Felix Austria!	2013
213	The Croods	2013
606	Bandage	2010
236	Barry Munday	2010
462	Chasing 3000	2010
697	Monkey Man	2011
620	A Woman Is a Woman	2010
232	Gente mala del norte	2011
307	La daga de Rasputín	2011
581	U Want Me 2 Kill Him?	2013
642	Sushi in Suhl	2012
526	Red Tails	2012
384	Making Change	2012
203	Aftermath	2013
311	PrimeMates	2010
541	Silence	2016
520	The Invited	2010
379	Double Tap	2011
187	Something Borrowed	2011
629	Suburbicon	2017
498	Tulip Fever	2017
602	Furry Vengeance	2010
308	Nina	2016
400	CHIPS	2017
535	Ramona and Beezus	2010
590	Good Sharma	2010
225	Bad Blood	2012
134	O Inimigo Sem Rosto	2010
711	Prisoners of the Sun	2013
326	The Hero of Color City	2014
208	Rings	2017
109	Tranced	2010
56	Who Is Harry Nilsson (And Why Is Everybody Talkin' About Him?)	2010
94	Love & Other Drugs	2010
245	Syrup	2013
352	A Thousand Words	2012
660	Escape from Planet Earth	2013
178	Have You Seen Me?	2016
13	Horrorween	2011
403	The Legend of Secret Pass	2019
164	Waste of Space	2010
217	Me and My Umbrella	2010
59	Night of the Templar	2013
185	What's Your Number?	2011
350	California Indian	2011
631	King of the Avenue	2010
630	Samsara	2011
592	Till You Get to Baraboo	2011
445	Man of Steel	2013
156	Jersey Justice	2014
143	Kill	2011
371	The Chosen Heaven	2010
194	Cell	2016
506	The Rain Fairy	2010
685	The Illusionist	2010
61	Night Catches Us	2010
65	Drive	2011
8	Kid Cannabis	2014
459	Santorini Blue	2013
508	War of the Dead	2011
117	The Wolfman	2010
288	Escalade	2011
293	Irreversi	2010
292	The Last Full Measure	2019
571	The Attack	2012
373	The Boxtrolls	2014
281	The Man Who Knew Infinity	2015
285	The Incredible Burt Wonderstone	2013
319	Dallas Buyers Club	2013
673	Elliot Loves	2012
640	The First Grader	2010
295	Jack Reacher	2012
674	R.I.P.D.	2013
141	Miles Ahead	2015
162	The Yellow Wallpaper	2012
519	Wilde Salomé	2011
300	Scary Movie 5	2013
380	13	2010
537	The Guardians	2010
402	Ironmen	2010
157	Clash of the Titans	2010
709	Nemesis	2010
183	Thor	2011
639	Red Dog	2011
422	Warcraft	2016
99	Devil's Knot	2013
394	Folk!	2010
172	It's Kind of a Funny Story	2010
155	The Mule	2013
580	Spoon	2011
717	A Letter to Elia	2010
495	The Last Pogo Jumps Again	2013
93	Tooth Fairy	2010
662	Belle du Seigneur	2012
591	Cross the Line	2010
241	The Danish Girl	2015
567	Eyes of the Mothman	2011
283	Jack and Jill	2011
600	Take Me Home Tonight	2011
434	Plumíferos - Aventuras voladoras	2010
268	Lavoe	2011
482	The Do-Deca-Pentathlon	2012
688	Meridian Lines	2013
645	American Flyer	2010
148	Percy Jackson & the Olympians: The Lightning Thief	2010
182	Art Officially Favored	2019
468	Ashes	2010
166	She's Out of My League	2010
419	Card Subject to Change	2010
167	The Book Thief	2013
247	Conan the Barbarian	2011
467	Shanghai Hotel	2011
385	Interstellar	2014
153	World War Z	2013
650	Flipped	2010
359	Valentine's Day	2010
563	The Power of Few	2013
35	Dreamkiller	2010
708	Soupernatural	2010
699	Manhattan Minutiae	2016
577	Priest	2011
314	The Long Falling	2011
97	Maximum Ride	2016
294	Caravaggio and My Mother the Pope	2018
77	Return to Yucca Flats: Desert Man-Beast	2010
150	Magic	2010
331	Wild in the Streets	2012
88	Dracula Untold	2014
412	Gallowwalkers	2012
287	Waking Madison	2010
351	Godzilla	2014
436	Land	2010
490	The Babymakers	2012
140	Electric Slide	2014
179	Krystal	2017
323	Pee-wee's Big Holiday	2016
114	Approaching Midnight	2013
396	Hotel Transylvania	2012
205	Pet Sematary	2019
297	Retreat!	2016
453	Bhopal: A Prayer for Rain	2014
55	Everyday Sunshine: The Story of Fishbone	2010
654	The Town	2010
298	Río de oro	2010
414	Whatever Happened to Pete Blaggit?	2012
248	The Kids Are All Right	2010
442	The Fallen Word	2013
139	Ivan Mosjoukine ou L'enfant du carnaval	2016
536	Killer by Nature	2010
68	Pox	2011
11	Hoodwinked Too! Hood vs. Evil	2011
411	Gangster Exchange	2010
714	Loot	2011
514	Neowolf	2010
133	Night Traveler	2013
529	Fun in the Army	2010
191	The Speed of Thought	2011
120	The Avengers	2012
20	Epic	2013
473	The Sighting	2016
503	Duel of Legends	2018
19	Amsteroid	2018
534	Jack & Diane	2012
440	Jackson Arms	2015
110	Risen	2010
223	Sir Billi	2012
324	Folie à deux	2012
670	Bloudím	2010
348	Naked Run	2011
49	A Summer Song	2010
516	This Is What Love in Action Looks Like	2011
321	Great American Dream	2013
657	Kolorádó Kid	2010
322	The Sweeney	2012
378	2001 Maniacs: Field of Screams	2010
553	Immortal Island	2011
87	Wide Blue Yonder	2010
144	The Golden Greek: The Harry Agganis Story	2010
696	Super Troopers 2	2018
481	Evangelion: 3.0 You Can (Not) Redo	2012
121	Zenitram	2010
703	Lupin the 3rd	2014
306	Dukun	2018
684	Mr. Peabody & Sherman	2014
715	Letting Go	2012
45	6 Month Rule	2011
258	Catharsis	2011
209	Jungle Cruise	2019
548	Touch Wood	2010
544	The Nightclub Days	2012
718	Surprise, Surprise	2010
676	My Soul to Take	2010
463	Red State	2011
145	The Dot Man	2017
40	Beijing Taxi	2010
101	The Secret Philosophy	2010
212	Rain Falls from Earth: Surviving Cambodia's Darkest Hour	2011
175	Rift	2011
286	Bury the Hatchet	2010
72	Bulletface	2010
588	First Circle	2010
675	Jewtopia	2012
542	Please Give	2010
184	Harm's Way	2010
273	Torn	2010
437	Eat Pray Love	2010
304	Mama I Want to Sing	2011
69	Sanctum	2011
278	AIR: The Musical	2010
546	Snitch	2013
458	Wreckage	2010
478	Drain Baby	2011
681	Legends of Oz: Dorothy's Return	2013
105	The Wedding Ringer	2015
224	Hyenas	2011
111	Repo	2010
243	Rollerboy	2013
229	Honor	2010
391	The Switch	2010
687	RxCannabis: A Freedom Tale	2018
329	Hamlet A.D.D.	2014
21	Gun of the Black Sun	2011
404	Letters to Juliet	2010
497	How to Train Your Dragon	2010
552	Shrek Forever After	2010
565	Blur	2011
624	From Prada to Nada	2011
554	The Whistleblower	2010
67	Don't Fade Away	2010
173	The Key Man	2011
617	Suite Française	2014
444	Psych:9	2010
713	Acts of Violence	2010
226	Westbrick Murders	2010
609	The Hobbit: An Unexpected Journey	2012
320	Love & Mercy	2014
132	The Thing	2011
456	The Grind	2012
137	The Unlikely's	2016
634	Black Butterflies	2011
428	Prey	2010
43	Eager to Die	2010
652	Exposed	2012
335	A Merry Friggin' Christmas	2014
540	Movin' In	2010
168	House Under Siege	2010
231	Monkeyman935	2010
628	Unthinkable	2010
246	Jackboots on Whitehall	2010
460	Gangster Kittens	2016
561	Periphery	2011
615	Victim	2010
250	The Legend of Tarzan	2016
86	The Happy Housewife	2010
108	Lost Girls and Love Hotels	2019
623	The Dead Undead	2010
332	Truth About Kerry	2010
610	Pizza with Bullets	2010
152	Harry Potter and the Deathly Hallows: Part 1	2010
5	Road to Red	2016
131	White Men Can't Dance	2012
649	The Penthouse	2010
9	Deep Gold 3D	2011
98	The Man in the Silo	2016
648	9-Jun	2018
361	Glenn, the Flying Robot	2010
435	The Waiter	2010
284	Rabbit Hole	2010
115	Joe Dick	2017
647	The Devil's Flower	2010
26	The Last Airbender	2010
119	Freaky Deaky	2012
680	Silent Hill: Revelation	2012
524	Arthur 3: The War of the Two Worlds	2010
489	White Knuckles	2010
200	Salt	2010
125	Source Code	2011
480	Black Swan	2010
605	Green Zone	2010
531	The Amazing Spider-Man	2012
523	Coffee Sex You	2014
149	The Killer Inside Me	2010
576	Robin Hood	2010
206	Reach Me	2014
198	Nine Dead	2010
397	Heart of Now	2010
374	Let Me Survive	2013
303	Beautiful Darling	2010
527	Private Security Officer: Los Angeles	2010
158	Truth in Numbers? Everything, According to Wikipedia	2010
344	Avenge	2014
235	A Monster in Paris	2011
484	Devour	2011
301	The Trouble with Cali	2012
388	The House of Sun	2010
595	Made in Romania	2010
659	Feast of the Assumption: BTK and the Otero Family Murders	2010
551	The Sorcerer's Apprentice	2010
603	The Fighter	2010
653	Pushin' Up Daisies	2010
233	Have You Heard from Johannesburg: Hell of a Job	2010
102	Have You Heard from Johannesburg: Road to Resistance	2010
81	L'imbroglio nel lenzuolo	2010
275	The Conspirator	2010
707	Little Witch on a Broomstick	2011
515	Strange Frame: Love & Sax	2012
10	White Wall	2010
188	Hugo	2011
586	Little Fockers	2010
689	The Chosen One	2010
330	The Reason	2010
116	Back Roads	2018
339	Have You Heard from Johannesburg: Fair Play	2010
107	Have You Heard from Johannesburg: The Bottom Line	2010
58	Lives and Deaths of the Poets	2011
679	Headhunter: The Assessment Weekend	2010
528	Justice League	2017
578	Black Limousine	2010
66	Hitchcock	2012
222	Sinatra Club	2010
3	Boyle Heights	2010
79	Chooriyan	2015
30	Fair Game	2010
334	Sucker Punch	2011
234	Have You Heard from Johannesburg: Free at Last	2010
128	Lottery Ticket	2010
511	Jaane Bhi Do Yaaro	2019
626	The Chronicles of Narnia: The Voyage of the Dawn Treader	2010
415	Four	2012
289	Heredity	2010
383	Funkytown	2011
559	The Unwanted	2013
421	The Adventures of Tintin	2011
716	You're Nobody 'til Somebody Kills You	2012
502	El Padrino II: Border Intrusion	2011
255	A Dance for Grace	2010
474	Multiple Sarcasms	2010
31	Machete	2010
424	The Magic Crystal	2011
510	A Flat	2010
39	The Gainesville Ripper	2010
210	Dear John	2010
607	Detention	2010
646	The Green Hornet	2011
129	The Significant Other	2012
360	Hanna	2011
692	The Wolf of Wall Street	2013
597	Adventure Scouts	2010
244	The Courier	2012
170	The Unforgiven	2011
672	Pelé: Birth of a Legend	2016
345	The Extendables	2014
666	Legend of the Red Reaper	2013
44	The Slimbones	2014
12	Bibliothèque Pascal	2010
305	The Experiment	2010
589	Looking for the Lost Tango	2010
585	Two Knives	2011
165	Straw Dogs	2011
706	Megamind	2010
471	The Young Messiah	2016
430	If You Only Knew	2011
190	Call of Life	2010
62	Last Breath	2010
457	The Iron Lady	2011
663	Colombian Interviews	2011
24	Opal	2010
464	The Steamroom	2010
196	Return of the Atom	2015
76	Love Sick Diaries	2010
407	Knight and Day	2010
476	Dylan Dog: Dead of Night	2010
237	Alice in Wonderland	2010
192	Child 44	2015
253	Bad Dog and Superhero	2014
441	Holy Wars	2010
279	Felony Murder	2019
557	The Sisterhood of Night	2014
130	The Cursed	2010
370	Pax	2010
579	Prime of Your Life	2010
677	Splintered	2010
420	The Runaways	2010
448	The Tortured	2010
533	Heart Like a Hand Grenade	2015
569	Our Brand Is Crisis	2015
52	Jeffie Was Here	2010
695	Deal	2010
264	Selma	2014
432	Centurion	2010
643	Patagonia	2010
100	The Method	2017
584	Certified Copy	2010
174	Takedowns and Falls	2010
92	Babies	2010
678	Odd Brodsky	2014
604	Deer Season	2015
346	Rising Star	2010
622	The Way Back	2010
312	Where's My Stuff?	2011
269	Kingshighway	2010
90	Programming the Nation?	2011
41	Argo	2012
199	Session	2011
340	The People I've Slept With	2012
260	Gunned Down	2017
425	Gemini Man	2019
138	The Pardon	2013
147	Dead Americans	2010
366	Kill Speed	2010
169	Wall Street: Money Never Sleeps	2010
668	Tied in Blood	2012
410	Asylum Blackout	2011
599	The Magnificent Eleven	2013
539	Secretariat	2010
228	Krrish 3	2013
401	Poltergeist	2015
46	Tied to a Chair	2011
416	Beautiful Girl	2014
163	The Warrior's Way	2010
27	Inseparable	2011
632	The Descendants	2011
613	Bad Meat	2011
276	Somewhere Tonight	2011
362	Iron Sky	2012
418	Cold Skin	2017
372	The Eagle	2011
249	Suspiria	2018
215	The Photon Effect	2010
491	Women's Studies	2010
392	Cody the Robosapien	2013
315	Everyday	2012
349	The Book of Eli	2010
447	The King of Fighters	2010
38	Legion	2010
342	The Story of Luke	2012
176	The Bounty Hunter	2010
4	Manipulation	2011
171	Let the Game Begin	2010
74	The Nutcracker in 3D	2010
386	Just Inès	2010
80	The Legend of Hercules	2014
14	Not Another B Movie	2010
367	For the Good of Others	2010
368	Silver Linings Playbook	2012
619	Wasteland	2011
221	You and I	2011
363	Ghost Hoax	2010
181	Unfinished Song	2012
113	Aaj Kal	2010
558	Camp Hell	2010
669	Caris' Peace	2011
123	Parental Guidance	2012
112	Beyond the Barbed Wire: An Artist View of the Holocaust	2010
33	Girl, Adopted	2013
122	Howl	2010
564	Pablo	2012
545	Chasing Happiness	2012
365	The Singularity Is Near	2010
364	Havana, Habana	2017
583	The Portal	2010
427	Ivory	2010
507	Lost Everything	2010
227	Goosebumps	2015
216	Repo Men	2010
310	The Big Year	2011
22	Dreams Awake	2011
2	One Lucky Elephant	2010
261	House Broken	2010
256	The Best Things in the World	2010
84	Life as We Know It	2010
78	The Dead Matter	2010
23	Down and Distance	2010
702	Sophomore	2012
189	Four Stories of St. Julian	2010
193	Transit	2012
299	The Legend of Awesomest Maximus	2011
37	Spud	2010
63	Até Onde?	2011
103	The Rogue	2019
29	This Bitter Earth	2012
446	Small Town Saturday Night	2010
73	Bare Knuckles	2010
382	The Evolution of Dad	2010
449	Je ne vous oublierai jamais	2010
682	Boyhood	2014
487	Costa Rica 3D	2019
417	The Ascension	2011
220	The Vampires of Zanzibar	2010
83	For Christ's Sake	2010
251	Water for Elephants	2011
333	Adult World	2013
596	Game of Assassins	2013
159	Monte Carlo	2011
252	Footloose	2011
151	Cavaliers seuls	2010
85	Sunburnt Angels	2011
530	House of Good and Evil	2013
272	Midnight Son	2011
512	The Two Deaths of Quincas Wateryell	2010
302	Habana Eva	2010
1	Good Intentions	2010
356	Elvis & Madonna	2010
616	The Dead Sleep	2010
347	The Amazing Adventures of the Living Corpse	2012
54	Blood River	2010
625	Ghost Rider: Spirit of Vengeance	2011
501	Jelly	2010
452	From the Midst of Pain	2010
218	Winchester	2018
499	Messages Deleted	2010
277	Buffalo Girls	2012
705	Subway Busker	2010
671	The Reverend	2011
655	See You in September	2010
547	Troubadours	2010
96	Skyfall	2012
574	Beyond the Grave	2010
204	Jonah Hex	2010
7	The Dark Party	2013
461	The Beautiful and Damned	2010
180	Dark Shadows	2012
197	Krews	2010
259	Psychosomatika	2010
518	Elimination	2010
598	Frances: A Mother Divine	2010
429	Hauntsville	2016
691	Hysteria	2010
42	The Girl from the Naked Eye	2012
399	Beautiful Noise	2014
454	Happiness Runs	2010
89	10 Years Later	2010
504	Jens Jensen: Harmonious World	2010
47	Jerry Cotton	2010
\.


--
-- Data for Name: people; Type: TABLE DATA; Schema: public; Owner: postgres
--

COPY public.people (id, name, death_year, birth_year) FROM stdin;
\.


--
-- Name: appeared pk_appeared; Type: CONSTRAINT; Schema: public; Owner: postgres
--

ALTER TABLE ONLY public.appeared
    ADD CONSTRAINT pk_appeared PRIMARY KEY (actor_id, movie_id);


--
-- Name: directed pk_director; Type: CONSTRAINT; Schema: public; Owner: postgres
--

ALTER TABLE ONLY public.directed
    ADD CONSTRAINT pk_director PRIMARY KEY (dir_id, movie_id);


--
-- Name: genre pk_genre; Type: CONSTRAINT; Schema: public; Owner: postgres
--

ALTER TABLE ONLY public.genre
    ADD CONSTRAINT pk_genre PRIMARY KEY (movie_id, genre);


--
-- Name: movie pk_movie; Type: CONSTRAINT; Schema: public; Owner: postgres
--

ALTER TABLE ONLY public.movie
    ADD CONSTRAINT pk_movie PRIMARY KEY (id);


--
-- Name: people pk_person; Type: CONSTRAINT; Schema: public; Owner: postgres
--

ALTER TABLE ONLY public.people
    ADD CONSTRAINT pk_person PRIMARY KEY (id);


--
-- PostgreSQL database dump complete
--

